[COM]
VCOMNUM=1
LCOMNUM=2
CCOMNUM=2
COMPOLT=115200

[PARAMETER]
PATH=DATA
LAMDAR=1.0
LAMDAG=1.0
LAMDAB=1.0
LOGPATH=D:\LOG\
BRIGHTNESS=0.000000
CONTRAST=14.000000
SATURATION=5.000000
GAMMA=100.000000
EXPOSURE=-5.000000
GAIN=0.000000
ADJBRIGHT=0.000000
CONTUOR=1.000000
WHITEBALANCE=0.000000
WHITEBALANCEVAL=6300
HUE=0.000000
HUE_B=0.000000
HUE_R=0.000000
ZOOM=1.000000
EDGES=1
AUTOLIGHT=1.000000
AUTOEXPOSURE=0.000000
GAIN_R=1.029807
GAIN_B=1.044634
MENU = 1
THRETH=0
CHANGEPIXEL=3
THRETH2=210
CHANGE255=0
THRETHNEW = 255

[FACTORY]
PATH=C:\data\
SHARPNESS=3.000000
BRIGHTNESS=5
CONTRAST=3
SATURATION=5
GAMMA=100
EXPOSURE=-2
GAIN=1
ADJBRIGHT=1
CONTUOR= 0
WHITEBALANCE=0.000000
WHITEBALANCEVAL=6300
HUE=0
HUE_B=0.000000
HUE_R=0.000000
ZOOM=4.000000
EDGES=1
AUTOLIGHT=0.000000
AUTOEXPOSURE=0.000000
GAIN_R=1.029807
GAIN_B=1.044634

[SOCKET]
ISCONNECT=0
SERVERIP=192.168.1.248
SERVERPORT=8887

[LOGIN]
USERNAME=HXJY
PASSWORD=123
